0 0.065778 0.379504 0.131361 0.053961
0 0.471979 0.388195 0.140069 0.039062
0 0.318306 0.631332 0.187917 0.040617
0 0.511708 0.588379 0.156861 0.038242
0 0.261569 0.240828 0.174361 0.064469
0 0.480417 0.215730 0.164139 0.040570
0 0.626215 0.225496 0.147708 0.036352
0 0.800576 0.049125 0.118653 0.031984
0 0.790451 0.105156 0.132292 0.038437
0 0.823743 0.359609 0.123069 0.023828
0 0.802444 0.381074 0.124444 0.020398
0 0.922229 0.326098 0.075792 0.016945
0 0.947125 0.308641 0.096833 0.017594
0 0.888958 0.267680 0.123167 0.020500
0 0.931910 0.166031 0.101542 0.020344
0 0.933194 0.148004 0.107556 0.020492
0 0.926576 0.113000 0.121708 0.028156
0 0.872167 0.085480 0.104111 0.030852
0 0.906576 0.421141 0.099653 0.025937
0 0.839333 0.473008 0.124444 0.029531
0 0.770188 0.502117 0.125431 0.028719
0 0.860556 0.522617 0.116389 0.022031
0 0.875625 0.545078 0.121250 0.021469
0 0.872014 0.569965 0.112083 0.025930
0 0.722556 0.615445 0.131417 0.031234
0 0.950361 0.611309 0.090722 0.025102
0 0.676083 0.687645 0.129389 0.032352
0 0.764646 0.689906 0.089736 0.027328
0 0.509542 0.849035 0.156194 0.035977
0 0.465375 0.745461 0.122639 0.029703
0 0.471931 0.805734 0.138139 0.028688
0 0.451986 0.779879 0.152583 0.031023
0 0.490833 0.768828 0.109056 0.028328
0 0.170903 0.952824 0.173611 0.054742
0 0.822750 0.937930 0.109556 0.027328
0 0.911368 0.875844 0.109069 0.031047
0 0.925444 0.799043 0.106111 0.023555
0 0.957125 0.259563 0.085694 0.020719
