0 0.062458 0.380152 0.124806 0.053961
0 0.468125 0.388359 0.141528 0.039062
0 0.312569 0.631641 0.187917 0.041875
0 0.505681 0.587891 0.160861 0.039844
0 0.261799 0.240082 0.176125 0.065961
0 0.480417 0.219426 0.164139 0.047961
0 0.625965 0.227590 0.152819 0.042477
0 0.800569 0.049125 0.124389 0.031984
0 0.793910 0.103035 0.128819 0.041977
0 0.821458 0.359609 0.126528 0.023828
0 0.801146 0.381652 0.123597 0.020570
0 0.921778 0.326043 0.075778 0.016945
0 0.946882 0.308641 0.096819 0.017594
0 0.888583 0.267676 0.123917 0.021336
0 0.931910 0.166535 0.101542 0.020180
0 0.933194 0.147762 0.107556 0.020008
0 0.926826 0.113141 0.121708 0.028156
0 0.873319 0.085320 0.104111 0.030844
0 0.909437 0.421141 0.099653 0.025937
0 0.840472 0.473008 0.124444 0.029531
0 0.770757 0.502441 0.125431 0.028727
0 0.862563 0.522617 0.117986 0.022031
0 0.875333 0.545078 0.126417 0.021469
0 0.869569 0.570285 0.115278 0.025930
0 0.716819 0.615770 0.131417 0.031227
0 0.947486 0.611309 0.090722 0.025102
0 0.678375 0.687965 0.129389 0.032352
0 0.766937 0.690227 0.089736 0.027328
0 0.508403 0.848227 0.159639 0.035969
0 0.464993 0.745402 0.123014 0.029664
0 0.471819 0.805859 0.137917 0.028687
0 0.451986 0.779973 0.152583 0.030836
0 0.489972 0.769117 0.109556 0.028500
0 0.171493 0.953313 0.174792 0.055719
0 0.822382 0.937828 0.109569 0.027328
0 0.909069 0.876809 0.109056 0.032352
0 0.923153 0.800168 0.106111 0.023555
0 0.957125 0.259648 0.085694 0.020547
