0 0.077361 0.378945 0.154444 0.052266
0 0.488472 0.388352 0.127500 0.039063
0 0.344993 0.629578 0.168069 0.038047
0 0.530028 0.588531 0.143278 0.032844
0 0.261111 0.243719 0.170833 0.058688
0 0.473632 0.213324 0.148097 0.040570
0 0.619194 0.222520 0.144694 0.035820
0 0.794021 0.049945 0.120347 0.030516
0 0.783431 0.102992 0.130833 0.034688
0 0.826736 0.360176 0.126806 0.024789
0 0.807542 0.379934 0.124444 0.019602
0 0.924014 0.326293 0.075778 0.016945
0 0.948076 0.308641 0.096819 0.017594
0 0.891375 0.267695 0.121667 0.018828
0 0.933632 0.164469 0.098097 0.020672
0 0.933438 0.148641 0.104097 0.022875
0 0.927639 0.111520 0.117639 0.027195
0 0.858944 0.083695 0.123750 0.030156
0 0.900181 0.419770 0.098611 0.021305
0 0.832181 0.472309 0.130667 0.030227
0 0.764521 0.502141 0.127819 0.030625
0 0.863264 0.520410 0.116444 0.019523
0 0.878153 0.546305 0.123056 0.021563
0 0.871792 0.569871 0.115417 0.026680
0 0.726333 0.614984 0.134611 0.027687
0 0.956681 0.612258 0.086139 0.025656
0 0.674792 0.686480 0.123472 0.030930
0 0.759833 0.689422 0.086472 0.024531
0 0.505694 0.849992 0.151111 0.037641
0 0.466896 0.745336 0.121125 0.029172
0 0.472639 0.805488 0.138806 0.028867
0 0.453007 0.779687 0.150542 0.031406
0 0.493472 0.768555 0.109444 0.027266
0 0.167132 0.951172 0.172431 0.053766
0 0.824229 0.938352 0.109569 0.027328
0 0.917354 0.872586 0.107958 0.026266
0 0.929236 0.793027 0.106111 0.029164
0 0.957125 0.258926 0.085694 0.021992
