0 0.231250 0.406004 0.172222 0.045492
0 0.564306 0.381758 0.128889 0.032891
0 0.469194 0.628832 0.172944 0.035789
0 0.613743 0.591277 0.143847 0.028023
0 0.244264 0.322383 0.169528 0.044922
0 0.351896 0.185195 0.172958 0.043594
0 0.512694 0.191293 0.150667 0.040023
0 0.746729 0.033230 0.124014 0.034164
0 0.733187 0.081602 0.133431 0.038656
0 0.878681 0.365117 0.121583 0.021891
0 0.866465 0.381422 0.112069 0.023938
0 0.929007 0.334125 0.073097 0.019922
0 0.954236 0.314766 0.091528 0.018063
0 0.896229 0.269875 0.120292 0.018828
0 0.921306 0.156840 0.098972 0.023836
0 0.925417 0.138789 0.101389 0.017891
0 0.893896 0.106105 0.123347 0.029352
0 0.822500 0.076898 0.104444 0.030797
0 0.859194 0.417656 0.104222 0.027344
0 0.788403 0.470492 0.133139 0.031219
0 0.715875 0.504672 0.128778 0.030531
0 0.910611 0.504520 0.109833 0.017773
0 0.887278 0.548414 0.121306 0.021563
0 0.890847 0.574289 0.122083 0.017234
0 0.800375 0.619430 0.125361 0.027922
0 0.619208 0.683289 0.131528 0.033625
0 0.719069 0.686457 0.085111 0.025633
0 0.391257 0.862309 0.172236 0.046648
0 0.470840 0.747812 0.119625 0.027656
0 0.481944 0.808734 0.138806 0.033500
0 0.460306 0.782383 0.149861 0.042891
0 0.499854 0.769766 0.114458 0.024531
0 0.123479 0.920473 0.179125 0.052508
0 0.833153 0.942531 0.109556 0.027328
0 0.952264 0.823977 0.095472 0.027109
0 0.411590 0.054961 0.167653 0.039766
0 0.952986 0.273398 0.093750 0.026641
0 0.943333 0.515992 0.109028 0.018953
