0 0.119653 0.391965 0.198750 0.046586
0 0.522590 0.385313 0.125375 0.034219
0 0.401083 0.630180 0.162722 0.034953
0 0.566799 0.591840 0.143597 0.030133
0 0.262104 0.265531 0.159403 0.043156
0 0.435500 0.202457 0.156556 0.041961
0 0.583063 0.211687 0.150014 0.037312
0 0.776778 0.045070 0.122194 0.029406
0 0.761674 0.095066 0.127625 0.036117
0 0.852389 0.360813 0.122667 0.024687
0 0.827153 0.380320 0.121250 0.020141
0 0.927493 0.330207 0.075792 0.019914
0 0.952569 0.311203 0.094861 0.017344
0 0.894563 0.269094 0.120292 0.018828
0 0.930104 0.161758 0.099931 0.017906
0 0.933465 0.144770 0.102931 0.022336
0 0.917278 0.111250 0.120111 0.028094
0 0.855104 0.079824 0.104542 0.029617
0 0.888750 0.421082 0.099722 0.025805
0 0.820722 0.471855 0.130889 0.030898
0 0.746819 0.503383 0.130861 0.028406
0 0.878299 0.515922 0.111403 0.018688
0 0.885139 0.548617 0.121306 0.021563
0 0.881243 0.573746 0.118597 0.019320
0 0.755417 0.618059 0.133333 0.027367
0 0.966042 0.609609 0.067917 0.028281
0 0.655507 0.687785 0.126153 0.030930
0 0.747826 0.687984 0.090014 0.025609
0 0.472160 0.856125 0.158514 0.040234
0 0.470840 0.747812 0.119625 0.027656
0 0.476736 0.806914 0.138806 0.030906
0 0.456667 0.781914 0.148611 0.035859
0 0.493472 0.768477 0.109444 0.027109
0 0.162083 0.935078 0.152500 0.069062
0 0.829181 0.939883 0.109556 0.027328
0 0.936417 0.855934 0.108667 0.025148
0 0.948403 0.788781 0.102639 0.022703
0 0.334535 0.026148 0.180736 0.045203
0 0.968056 0.264570 0.063889 0.026016
