0 0.176715 0.398816 0.186014 0.048617
0 0.542611 0.386746 0.133583 0.036305
0 0.434646 0.629828 0.174847 0.036687
0 0.589986 0.591031 0.151667 0.030687
0 0.265319 0.295969 0.159917 0.046188
0 0.394931 0.194480 0.164861 0.041930
0 0.553562 0.202777 0.146847 0.038523
0 0.764625 0.042383 0.125361 0.031953
0 0.747576 0.092422 0.131542 0.040609
0 0.867375 0.363504 0.124139 0.022320
0 0.850382 0.380719 0.115514 0.021594
0 0.931243 0.333523 0.075792 0.019922
0 0.954236 0.313559 0.091528 0.018055
0 0.896229 0.269875 0.120292 0.018828
0 0.929201 0.161133 0.097014 0.019609
0 0.927201 0.142313 0.106597 0.020531
0 0.905458 0.111070 0.122000 0.028813
0 0.845910 0.079586 0.093486 0.030156
0 0.875951 0.418906 0.100431 0.022031
0 0.808438 0.470945 0.127875 0.030703
0 0.733299 0.502355 0.131042 0.030742
0 0.895146 0.510441 0.108319 0.021039
0 0.886597 0.548063 0.121306 0.021563
0 0.887944 0.575234 0.122083 0.017234
0 0.780625 0.621012 0.127639 0.028445
0 0.636528 0.685234 0.130833 0.035625
0 0.735840 0.688027 0.090014 0.026211
0 0.431160 0.862121 0.164819 0.037945
0 0.470840 0.747812 0.119625 0.027656
0 0.480458 0.808215 0.138806 0.032758
0 0.457292 0.783906 0.149861 0.039844
0 0.498028 0.769398 0.113028 0.025266
0 0.152007 0.929770 0.159847 0.055164
0 0.833153 0.942531 0.109556 0.027328
0 0.948014 0.839133 0.102139 0.028891
0 0.957847 0.782418 0.083750 0.021977
0 0.371486 0.047266 0.177972 0.054531
0 0.968194 0.270016 0.063611 0.025547
0 0.961694 0.514844 0.076611 0.020313
