0 0.234722 0.407461 0.179167 0.045078
0 0.568174 0.381344 0.129958 0.032891
0 0.476222 0.629469 0.171056 0.034875
0 0.621437 0.592277 0.145097 0.027523
0 0.243375 0.324090 0.166028 0.040570
0 0.345896 0.182059 0.172958 0.043602
0 0.507521 0.189277 0.148097 0.040023
0 0.744167 0.030996 0.122083 0.032227
0 0.725354 0.079801 0.140153 0.038664
0 0.881042 0.365695 0.123472 0.021891
0 0.868646 0.381926 0.113542 0.024320
0 0.929007 0.334125 0.073097 0.019922
0 0.954236 0.314766 0.091528 0.018063
0 0.896229 0.269875 0.120292 0.018828
0 0.921306 0.155598 0.098972 0.023836
0 0.923486 0.138008 0.101389 0.018203
0 0.891660 0.106285 0.123347 0.028992
0 0.819625 0.076453 0.104444 0.029906
0 0.856576 0.417758 0.104819 0.027344
0 0.786333 0.470723 0.133139 0.031211
0 0.709660 0.504207 0.134597 0.030523
0 0.912264 0.503586 0.109833 0.017781
0 0.887278 0.548414 0.121306 0.021563
0 0.890847 0.574289 0.122083 0.017234
0 0.803056 0.619867 0.125000 0.026453
0 0.614667 0.683742 0.132944 0.032172
0 0.716722 0.686227 0.087750 0.025641
0 0.384958 0.863922 0.174500 0.046656
0 0.470840 0.747812 0.119625 0.027656
0 0.481944 0.808734 0.138806 0.033500
0 0.460306 0.782383 0.149861 0.042891
0 0.499854 0.769766 0.114458 0.024531
0 0.119472 0.919102 0.177556 0.052734
0 0.833153 0.942531 0.109556 0.027328
0 0.952264 0.821668 0.095472 0.027117
0 0.413257 0.057187 0.170986 0.040469
0 0.949722 0.276602 0.100278 0.031172
0 0.940542 0.516117 0.109028 0.018234
