0 0.085694 0.380508 0.171111 0.051641
0 0.492340 0.387184 0.130042 0.036727
0 0.351250 0.629859 0.177500 0.038047
0 0.534743 0.589234 0.147736 0.031438
0 0.260625 0.248203 0.166528 0.055000
0 0.464021 0.211398 0.153597 0.040563
0 0.606910 0.221039 0.150597 0.035547
0 0.794368 0.047871 0.119014 0.032492
0 0.780563 0.100648 0.128903 0.034688
0 0.829333 0.360176 0.128278 0.024789
0 0.815882 0.379816 0.120458 0.019602
0 0.924813 0.326449 0.075792 0.016945
0 0.948847 0.308844 0.096833 0.017594
0 0.891799 0.267695 0.120292 0.018828
0 0.933424 0.162770 0.098236 0.019148
0 0.933299 0.147621 0.103819 0.023820
0 0.925722 0.110578 0.119222 0.027828
0 0.853972 0.083332 0.123750 0.029617
0 0.898569 0.419168 0.098611 0.021305
0 0.828875 0.472426 0.130667 0.030227
0 0.762146 0.502492 0.126792 0.030625
0 0.869049 0.518711 0.116458 0.018687
0 0.878153 0.546305 0.123056 0.021563
0 0.874646 0.570434 0.116819 0.025555
0 0.727979 0.614563 0.136181 0.028828
0 0.957382 0.612187 0.084486 0.026406
0 0.673701 0.686121 0.117958 0.030930
0 0.758236 0.689063 0.086472 0.024531
0 0.491625 0.850973 0.160889 0.040242
0 0.467660 0.745297 0.120375 0.028937
0 0.473375 0.805746 0.138806 0.029242
0 0.453875 0.779687 0.148806 0.031406
0 0.493472 0.768539 0.109444 0.027234
0 0.167590 0.950703 0.167681 0.052187
0 0.824819 0.938352 0.109556 0.027328
0 0.920014 0.867254 0.109333 0.027789
0 0.931111 0.791281 0.108083 0.028344
0 0.307056 0.017852 0.172722 0.035703
0 0.957243 0.258914 0.085486 0.022734
