0 0.233264 0.406094 0.176250 0.045312
0 0.566688 0.381547 0.129958 0.032891
0 0.473035 0.629012 0.172931 0.035789
0 0.618056 0.591383 0.144167 0.028594
0 0.244264 0.323359 0.169528 0.042969
0 0.348465 0.183023 0.172958 0.043594
0 0.510653 0.189949 0.148528 0.040023
0 0.745764 0.032527 0.122083 0.032758
0 0.730278 0.080883 0.138611 0.038656
0 0.879924 0.365348 0.121597 0.021883
0 0.867910 0.381422 0.112069 0.023938
0 0.929007 0.334125 0.073097 0.019922
0 0.954236 0.314766 0.091528 0.018063
0 0.896229 0.269875 0.120292 0.018828
0 0.921306 0.156371 0.098972 0.023836
0 0.924306 0.138164 0.101389 0.018203
0 0.892618 0.105742 0.123347 0.029359
0 0.820583 0.076453 0.104444 0.029906
0 0.857826 0.417555 0.104819 0.027344
0 0.787167 0.470492 0.133139 0.031219
0 0.713292 0.504441 0.131861 0.030523
0 0.911444 0.504055 0.109833 0.017781
0 0.887278 0.548414 0.121306 0.021563
0 0.890847 0.574289 0.122083 0.017234
0 0.802361 0.619867 0.123611 0.026453
0 0.616333 0.683742 0.131528 0.032172
0 0.717347 0.686457 0.087750 0.025633
0 0.387257 0.863277 0.174514 0.046648
0 0.470840 0.747812 0.119625 0.027656
0 0.481944 0.808734 0.138806 0.033500
0 0.460306 0.782383 0.149861 0.042891
0 0.499854 0.769766 0.114458 0.024531
0 0.122181 0.919746 0.178528 0.053242
0 0.833153 0.942531 0.109556 0.027328
0 0.952264 0.822672 0.095472 0.027109
0 0.412562 0.055352 0.169597 0.038984
0 0.950764 0.275469 0.098194 0.029687
0 0.943333 0.515992 0.109028 0.018953
