0 0.106875 0.389258 0.195417 0.048250
0 0.507965 0.384805 0.134625 0.033984
0 0.379465 0.630461 0.179681 0.038047
0 0.553257 0.591762 0.153403 0.030336
0 0.260625 0.257930 0.162361 0.041484
0 0.437653 0.205352 0.161694 0.041016
0 0.592500 0.213980 0.145000 0.035414
0 0.783174 0.045609 0.122181 0.029406
0 0.768396 0.096148 0.127625 0.034688
0 0.848250 0.359883 0.122667 0.024687
0 0.825444 0.380219 0.121472 0.019937
0 0.926687 0.329145 0.075792 0.019305
0 0.952382 0.310516 0.095236 0.017406
0 0.894007 0.268781 0.120292 0.018828
0 0.930208 0.161797 0.100694 0.017750
0 0.934076 0.145645 0.101708 0.024086
0 0.917576 0.110711 0.120819 0.028094
0 0.858146 0.080996 0.104542 0.029617
0 0.891250 0.421082 0.099722 0.025805
0 0.826382 0.471930 0.127014 0.030719
0 0.752826 0.503441 0.127736 0.028398
0 0.878708 0.516965 0.111389 0.018680
0 0.883354 0.547508 0.121319 0.021563
0 0.878917 0.573648 0.118583 0.019328
0 0.751903 0.615949 0.127139 0.027367
0 0.963333 0.610195 0.073333 0.029453
0 0.657479 0.687922 0.128653 0.030938
0 0.753111 0.687805 0.086472 0.025609
0 0.473875 0.853082 0.163139 0.041242
0 0.469868 0.747344 0.119625 0.027656
0 0.475986 0.806656 0.138806 0.030531
0 0.456597 0.781641 0.148472 0.035313
0 0.493472 0.768492 0.109444 0.027141
0 0.164625 0.936867 0.157583 0.069828
0 0.827944 0.939047 0.109556 0.027328
0 0.930826 0.857617 0.108875 0.027422
0 0.947201 0.789508 0.105514 0.023391
0 0.322778 0.023711 0.183611 0.047422
0 0.961049 0.262578 0.077903 0.025625
