0 0.225875 0.403594 0.165194 0.046094
0 0.560972 0.383633 0.126667 0.032891
0 0.461194 0.628566 0.172944 0.036680
0 0.613097 0.590309 0.143833 0.029961
0 0.248542 0.316961 0.174639 0.047641
0 0.365389 0.187602 0.169111 0.043594
0 0.515931 0.194520 0.158528 0.040023
0 0.746729 0.037531 0.125292 0.035938
0 0.736875 0.084480 0.133750 0.038664
0 0.875792 0.364535 0.121583 0.021883
0 0.861007 0.382180 0.118514 0.022187
0 0.929382 0.334109 0.073542 0.019922
0 0.954236 0.314664 0.091528 0.018063
0 0.896229 0.269875 0.120292 0.018828
0 0.922139 0.158254 0.098972 0.023492
0 0.926229 0.139734 0.103014 0.016937
0 0.901458 0.107539 0.118472 0.028984
0 0.827535 0.077379 0.105486 0.030805
0 0.865542 0.417465 0.103306 0.025539
0 0.790368 0.471246 0.133153 0.031211
0 0.719472 0.504090 0.129833 0.030523
0 0.906083 0.505574 0.112000 0.018227
0 0.887278 0.548414 0.121306 0.021563
0 0.890847 0.574289 0.122083 0.017234
0 0.788951 0.619266 0.133236 0.028047
0 0.625924 0.683773 0.126847 0.034328
0 0.723618 0.687270 0.085125 0.025633
0 0.403868 0.862766 0.169958 0.044453
0 0.470840 0.747812 0.119625 0.027656
0 0.481944 0.808734 0.138806 0.033500
0 0.460306 0.782383 0.149861 0.042891
0 0.499854 0.769766 0.114458 0.024531
0 0.129556 0.922996 0.179139 0.052508
0 0.833153 0.942531 0.109556 0.027328
0 0.952264 0.828715 0.095472 0.026477
0 0.407285 0.053281 0.159042 0.043125
0 0.955347 0.271797 0.089028 0.027344
0 0.947083 0.514492 0.105833 0.020547
