0 0.212153 0.401512 0.176250 0.045258
0 0.560250 0.385285 0.124417 0.035414
0 0.457500 0.628387 0.169444 0.036680
0 0.610563 0.590488 0.141875 0.030680
0 0.252361 0.310805 0.175556 0.044484
0 0.375014 0.189531 0.166139 0.043594
0 0.520576 0.197262 0.159764 0.038523
0 0.749285 0.039332 0.127236 0.035930
0 0.737833 0.086359 0.133750 0.037734
0 0.875375 0.364070 0.121583 0.021891
0 0.856451 0.381945 0.118514 0.022187
0 0.930125 0.334070 0.074444 0.019922
0 0.954236 0.314465 0.091528 0.018055
0 0.896229 0.269875 0.120292 0.018828
0 0.922417 0.159422 0.098972 0.022094
0 0.926229 0.140750 0.103014 0.018969
0 0.902042 0.108148 0.119222 0.029453
0 0.832292 0.077797 0.106000 0.030797
0 0.870903 0.416953 0.099028 0.023281
0 0.794597 0.471055 0.131917 0.031641
0 0.721750 0.504090 0.129833 0.030523
0 0.902069 0.507828 0.112250 0.020875
0 0.887458 0.548359 0.121306 0.021563
0 0.890847 0.574289 0.122083 0.017234
0 0.785201 0.619168 0.133236 0.028055
0 0.631806 0.683516 0.121389 0.035156
0 0.724639 0.687566 0.091333 0.026211
0 0.413076 0.863086 0.165319 0.044453
0 0.470840 0.747812 0.119625 0.027656
0 0.481944 0.808734 0.138806 0.033500
0 0.457292 0.782871 0.149861 0.041914
0 0.499854 0.769766 0.114458 0.024531
0 0.132764 0.924617 0.179139 0.052516
0 0.833153 0.942531 0.109556 0.027328
0 0.951965 0.831328 0.095597 0.026484
0 0.400632 0.052168 0.159014 0.044570
0 0.955486 0.270469 0.089028 0.027344
0 0.950576 0.514492 0.098847 0.020547
