0 0.069097 0.378855 0.137917 0.053961
0 0.475840 0.388039 0.138597 0.039063
0 0.328319 0.630055 0.176972 0.039953
0 0.516896 0.587398 0.152319 0.036922
0 0.261340 0.241570 0.172597 0.062984
0 0.475250 0.214441 0.154944 0.040570
0 0.623924 0.224203 0.147708 0.036359
0 0.797701 0.049453 0.118653 0.031984
0 0.788160 0.104508 0.132292 0.038437
0 0.824896 0.360418 0.123069 0.024789
0 0.803750 0.380500 0.125278 0.020219
0 0.922674 0.326145 0.075792 0.016945
0 0.947361 0.308641 0.096833 0.017594
0 0.889340 0.267691 0.122403 0.019664
0 0.931910 0.165527 0.101542 0.020508
0 0.933194 0.148246 0.107556 0.020977
0 0.926326 0.112859 0.121708 0.028156
0 0.871021 0.085645 0.104125 0.030852
0 0.904278 0.421141 0.099639 0.025937
0 0.838181 0.473008 0.124444 0.029531
0 0.770188 0.502273 0.125431 0.029703
0 0.860972 0.522348 0.115556 0.020898
0 0.876528 0.545742 0.121111 0.021516
0 0.872153 0.569777 0.113750 0.026305
0 0.723354 0.615301 0.132236 0.029367
0 0.953375 0.611773 0.088972 0.024781
0 0.675375 0.687367 0.127278 0.031969
0 0.763826 0.689637 0.088097 0.026789
0 0.510687 0.849840 0.152764 0.035977
0 0.465750 0.745516 0.122250 0.029750
0 0.472042 0.805609 0.138361 0.028687
0 0.451986 0.779781 0.152583 0.031219
0 0.491694 0.768531 0.108556 0.028156
0 0.170313 0.952336 0.172431 0.053766
0 0.823125 0.938039 0.109556 0.027328
0 0.913660 0.874879 0.109069 0.029758
0 0.926014 0.797430 0.106111 0.025484
0 0.957125 0.259473 0.085694 0.020898
