0 0.103729 0.387801 0.191347 0.048258
0 0.504424 0.384594 0.136431 0.033984
0 0.372111 0.630281 0.181611 0.038047
0 0.548778 0.591039 0.153389 0.030344
0 0.260229 0.256328 0.163153 0.042656
0 0.439354 0.206312 0.162569 0.041484
0 0.593458 0.214652 0.150250 0.035414
0 0.784444 0.045688 0.120278 0.029563
0 0.771104 0.096148 0.124125 0.034688
0 0.844931 0.359418 0.123472 0.024680
0 0.825028 0.380219 0.121472 0.019937
0 0.926424 0.328484 0.075792 0.018688
0 0.952194 0.310328 0.095611 0.017469
0 0.893729 0.268629 0.120292 0.018836
0 0.930257 0.161816 0.101069 0.017664
0 0.934382 0.145773 0.101097 0.024344
0 0.918215 0.110711 0.120819 0.028094
0 0.858306 0.081082 0.104528 0.029617
0 0.892639 0.420848 0.100833 0.025336
0 0.826674 0.471887 0.127681 0.030539
0 0.754368 0.503383 0.127736 0.028406
0 0.877986 0.517023 0.111389 0.018687
0 0.882458 0.547109 0.121306 0.021563
0 0.878563 0.573648 0.118597 0.019328
0 0.749021 0.615297 0.129708 0.028875
0 0.961389 0.610430 0.077222 0.028984
0 0.659396 0.687383 0.128653 0.030938
0 0.755035 0.687797 0.086458 0.024531
0 0.473583 0.852758 0.163139 0.041234
0 0.469382 0.747109 0.119625 0.027656
0 0.475611 0.806527 0.138806 0.030352
0 0.456563 0.781504 0.148403 0.035039
0 0.493472 0.768496 0.109444 0.027148
0 0.164625 0.937844 0.157583 0.067875
0 0.827694 0.938625 0.109556 0.027328
0 0.927333 0.858164 0.111083 0.028203
0 0.946646 0.789430 0.105514 0.024172
0 0.318750 0.022422 0.183611 0.044844
0 0.961049 0.261914 0.077903 0.025594
