0 0.134118 0.393629 0.192875 0.046586
0 0.526660 0.385727 0.125375 0.034219
0 0.405535 0.630539 0.166625 0.034953
0 0.572882 0.592199 0.143597 0.030133
0 0.261667 0.276613 0.158611 0.055680
0 0.434194 0.201145 0.150611 0.042242
0 0.575021 0.210926 0.153653 0.038289
0 0.775493 0.046328 0.122181 0.029406
0 0.760250 0.095141 0.130528 0.036687
0 0.853514 0.361395 0.124528 0.024680
0 0.832903 0.381055 0.122083 0.020688
0 0.928743 0.330961 0.075792 0.019922
0 0.952660 0.311680 0.094681 0.017703
0 0.895118 0.269352 0.120292 0.018828
0 0.930007 0.161723 0.099181 0.018070
0 0.932604 0.142934 0.103542 0.019289
0 0.917125 0.111430 0.118833 0.028453
0 0.852542 0.080004 0.104528 0.029617
0 0.888035 0.421195 0.098292 0.025422
0 0.817000 0.471625 0.130889 0.030891
0 0.744340 0.503039 0.130875 0.028406
0 0.881604 0.515223 0.111403 0.018680
0 0.885500 0.548211 0.121306 0.021563
0 0.882778 0.573746 0.121667 0.019320
0 0.757208 0.619402 0.133333 0.028852
0 0.966319 0.609414 0.067361 0.027891
0 0.655507 0.688465 0.126153 0.032289
0 0.745965 0.687637 0.090014 0.025602
0 0.463021 0.857422 0.161875 0.038953
0 0.470840 0.747812 0.119625 0.027656
0 0.477472 0.807176 0.138806 0.031273
0 0.456771 0.782129 0.148819 0.036289
0 0.494382 0.768660 0.110153 0.026742
0 0.158576 0.933984 0.156958 0.067266
0 0.830917 0.940578 0.109556 0.027328
0 0.938826 0.851273 0.106264 0.031766
0 0.948403 0.788109 0.102639 0.022703
0 0.347715 0.027746 0.170431 0.043883
0 0.967986 0.265977 0.063750 0.025547
