0 0.167819 0.397160 0.170667 0.047398
0 0.531500 0.386965 0.130611 0.035445
0 0.412701 0.631336 0.179042 0.036547
0 0.577500 0.592113 0.151667 0.030680
0 0.262944 0.288875 0.158583 0.058984
0 0.411000 0.198602 0.167000 0.042938
0 0.559653 0.207180 0.156194 0.039672
0 0.772924 0.043992 0.120292 0.029406
0 0.758292 0.094586 0.125472 0.039531
0 0.856514 0.362391 0.126389 0.023391
0 0.846125 0.380137 0.116722 0.021602
0 0.930826 0.332586 0.075792 0.019922
0 0.953743 0.312691 0.092514 0.018055
0 0.896229 0.269875 0.120292 0.018828
0 0.929812 0.161648 0.097681 0.018406
0 0.929417 0.142668 0.106583 0.019820
0 0.913278 0.111609 0.119806 0.028813
0 0.851792 0.079965 0.087472 0.029539
0 0.884833 0.419785 0.099111 0.023414
0 0.810597 0.471180 0.130889 0.030703
0 0.743792 0.501660 0.125361 0.030742
0 0.891347 0.514160 0.108139 0.018242
0 0.886069 0.547891 0.121306 0.021563
0 0.885806 0.575117 0.122083 0.017234
0 0.766569 0.621250 0.131750 0.029531
0 0.647222 0.686875 0.125833 0.035469
0 0.741500 0.688027 0.085306 0.026211
0 0.443535 0.859531 0.166458 0.036641
0 0.470840 0.747812 0.119625 0.027656
0 0.478965 0.807695 0.138819 0.032016
0 0.457014 0.782863 0.149306 0.037758
0 0.496208 0.769027 0.111583 0.026008
0 0.153757 0.931559 0.163403 0.060227
0 0.832035 0.941066 0.109569 0.027336
0 0.940097 0.842930 0.105083 0.035547
0 0.951674 0.783883 0.096403 0.022641
0 0.363785 0.037914 0.168125 0.053234
0 0.968194 0.268594 0.063611 0.025547
0 0.961694 0.515305 0.076611 0.020062
