0 0.108542 0.389582 0.198750 0.047602
0 0.513146 0.384594 0.130931 0.033984
0 0.386194 0.630453 0.176500 0.036594
0 0.557229 0.592199 0.150569 0.030133
0 0.261250 0.260234 0.161111 0.041719
0 0.437007 0.204633 0.160403 0.041016
0 0.592146 0.213031 0.144292 0.037312
0 0.780618 0.045070 0.122181 0.029406
0 0.767757 0.096148 0.127625 0.034688
0 0.849278 0.360000 0.122667 0.024688
0 0.826243 0.380320 0.123069 0.020141
0 0.926958 0.329805 0.075778 0.019922
0 0.952569 0.310703 0.094861 0.017344
0 0.894285 0.268937 0.120292 0.018828
0 0.930153 0.161777 0.100306 0.017836
0 0.933771 0.145512 0.102319 0.023820
0 0.916931 0.110711 0.120806 0.028094
0 0.857986 0.080902 0.104528 0.029617
0 0.889458 0.421082 0.099722 0.025805
0 0.826090 0.471973 0.126347 0.030898
0 0.751271 0.503500 0.127736 0.028406
0 0.878299 0.516152 0.111403 0.018680
0 0.884250 0.547914 0.121306 0.021563
0 0.879278 0.573648 0.118583 0.019328
0 0.752917 0.616348 0.128333 0.027367
0 0.964375 0.610195 0.071250 0.029453
0 0.656493 0.687855 0.127403 0.030930
0 0.750701 0.687621 0.090014 0.025602
0 0.472736 0.853867 0.158528 0.040234
0 0.470354 0.747578 0.119625 0.027656
0 0.476361 0.806785 0.138806 0.030727
0 0.456632 0.781777 0.148542 0.035586
0 0.493472 0.768484 0.109444 0.027125
0 0.163333 0.935703 0.155000 0.070312
0 0.828194 0.939461 0.109556 0.027328
0 0.932736 0.857066 0.108861 0.026633
0 0.947340 0.789320 0.105236 0.022703
0 0.327083 0.023711 0.184167 0.047422
0 0.961049 0.263281 0.077903 0.025625
