0 0.219375 0.403086 0.170694 0.045859
0 0.560417 0.384570 0.125556 0.033984
0 0.459889 0.628566 0.171722 0.036680
0 0.611500 0.590848 0.143833 0.030680
0 0.249819 0.314438 0.174639 0.046437
0 0.369042 0.188805 0.168639 0.043594
0 0.516750 0.196191 0.159750 0.038523
0 0.747375 0.038074 0.125306 0.035930
0 0.737194 0.085203 0.133750 0.038656
0 0.875583 0.364301 0.121583 0.021883
0 0.857694 0.381945 0.118500 0.022187
0 0.929750 0.334094 0.074000 0.019922
0 0.954236 0.314566 0.091528 0.018055
0 0.896229 0.269875 0.120292 0.018828
0 0.922139 0.159109 0.098972 0.022094
0 0.926229 0.140672 0.103014 0.018812
0 0.901319 0.107926 0.118750 0.030086
0 0.830042 0.077617 0.106000 0.030797
0 0.868021 0.417305 0.101208 0.024609
0 0.791708 0.470957 0.133139 0.031211
0 0.720611 0.504090 0.129833 0.030523
0 0.904076 0.506699 0.112125 0.019555
0 0.887278 0.548414 0.121306 0.021563
0 0.890847 0.574289 0.122083 0.017234
0 0.787882 0.619266 0.133236 0.028047
0 0.628312 0.683773 0.122542 0.034328
0 0.725063 0.687039 0.085125 0.025641
0 0.408458 0.862766 0.169972 0.044453
0 0.470840 0.747812 0.119625 0.027656
0 0.481944 0.808734 0.138806 0.033500
0 0.457292 0.782383 0.149861 0.042891
0 0.499854 0.769766 0.114458 0.024531
0 0.132118 0.924254 0.179125 0.052508
0 0.833153 0.942531 0.109556 0.027328
0 0.952146 0.830223 0.095597 0.026477
0 0.405618 0.052922 0.155708 0.043844
0 0.955486 0.270937 0.089028 0.027344
0 0.948472 0.514492 0.103056 0.020547
