0 0.179285 0.400039 0.191153 0.049453
0 0.546896 0.386953 0.129542 0.036297
0 0.441847 0.628926 0.166194 0.036680
0 0.594917 0.590672 0.150111 0.030688
0 0.265319 0.297070 0.159917 0.043047
0 0.394069 0.193762 0.162306 0.041930
0 0.549264 0.201840 0.146861 0.038523
0 0.761750 0.041664 0.125361 0.031953
0 0.745340 0.091016 0.131542 0.039531
0 0.869819 0.363738 0.120361 0.022320
0 0.851104 0.380719 0.115514 0.021594
0 0.931243 0.333688 0.075792 0.019922
0 0.954236 0.313762 0.091528 0.018055
0 0.896229 0.269875 0.120292 0.018828
0 0.927535 0.160820 0.097014 0.019609
0 0.927090 0.142062 0.106153 0.020531
0 0.903861 0.110711 0.122000 0.028813
0 0.845104 0.079359 0.093486 0.030937
0 0.874347 0.418602 0.100444 0.022031
0 0.807965 0.470828 0.126764 0.030703
0 0.731021 0.503285 0.131042 0.030742
0 0.896014 0.510199 0.108806 0.021945
0 0.886806 0.548109 0.121306 0.021563
0 0.888625 0.575273 0.122083 0.017234
0 0.781278 0.620609 0.129306 0.027844
0 0.635556 0.684883 0.128889 0.036016
0 0.733965 0.688609 0.092097 0.026219
0 0.428861 0.862121 0.164806 0.037945
0 0.470840 0.747812 0.119625 0.027656
0 0.480826 0.808348 0.138819 0.032945
0 0.457292 0.783797 0.149861 0.040063
0 0.498486 0.769488 0.113389 0.025086
0 0.151688 0.929410 0.159208 0.054445
0 0.833153 0.942531 0.109556 0.027328
0 0.948639 0.838582 0.100889 0.028102
0 0.959097 0.781984 0.081806 0.021969
0 0.373514 0.047918 0.176194 0.051977
0 0.968194 0.270273 0.063611 0.025547
0 0.961694 0.514785 0.076611 0.020195
