0 0.095556 0.383203 0.178056 0.049531
0 0.494563 0.386559 0.134486 0.035477
0 0.359306 0.629109 0.179361 0.038047
0 0.539903 0.590320 0.151333 0.030344
0 0.260222 0.250625 0.164861 0.050156
0 0.451160 0.209578 0.159625 0.041750
0 0.596528 0.218754 0.154167 0.035555
0 0.794715 0.047766 0.118319 0.032281
0 0.778958 0.098133 0.126972 0.034688
0 0.834083 0.360410 0.128278 0.024789
0 0.821021 0.379871 0.118347 0.019945
0 0.925590 0.327285 0.075792 0.016945
0 0.951778 0.309797 0.096444 0.017594
0 0.892799 0.268164 0.120292 0.018828
0 0.930861 0.161676 0.100333 0.017273
0 0.934549 0.147305 0.101875 0.024922
0 0.921417 0.110172 0.120806 0.028094
0 0.859903 0.082527 0.104528 0.029617
0 0.898722 0.419910 0.096889 0.022586
0 0.827542 0.471758 0.129667 0.030000
0 0.760333 0.503391 0.124278 0.029531
0 0.875819 0.518246 0.111389 0.018680
0 0.880201 0.546547 0.122014 0.021563
0 0.876972 0.572383 0.118000 0.021172
0 0.733889 0.614617 0.136750 0.028828
0 0.957937 0.611484 0.083375 0.027813
0 0.665160 0.686660 0.128653 0.030930
0 0.756319 0.688160 0.086472 0.024539
0 0.481875 0.850973 0.160889 0.040242
0 0.468424 0.746160 0.119625 0.028617
0 0.474500 0.806141 0.138806 0.029797
0 0.454958 0.779687 0.146639 0.031406
0 0.493472 0.768520 0.109444 0.027195
0 0.166979 0.945586 0.162486 0.058516
0 0.825715 0.938352 0.109569 0.027328
0 0.922069 0.862187 0.111083 0.029844
0 0.936507 0.790832 0.108097 0.026039
0 0.313069 0.018012 0.176722 0.036023
0 0.958882 0.260367 0.081375 0.023953
