0 0.090556 0.381758 0.171111 0.051172
0 0.492688 0.386754 0.130736 0.035867
0 0.353722 0.629023 0.177500 0.038047
0 0.535188 0.589781 0.149264 0.030344
0 0.260625 0.248789 0.166528 0.053828
0 0.457590 0.210301 0.159625 0.041742
0 0.604521 0.220098 0.150597 0.035555
0 0.794486 0.047836 0.118778 0.032422
0 0.779597 0.099930 0.126972 0.034688
0 0.831194 0.360410 0.128278 0.024789
0 0.818750 0.379637 0.118333 0.019945
0 0.924993 0.326543 0.075792 0.016945
0 0.949917 0.309047 0.096833 0.017594
0 0.892132 0.267852 0.120292 0.018828
0 0.932660 0.162379 0.098375 0.018367
0 0.933438 0.147695 0.103542 0.024766
0 0.924292 0.110172 0.120806 0.028094
0 0.852861 0.082887 0.123750 0.029617
0 0.898660 0.419316 0.098597 0.021305
0 0.828875 0.471641 0.130667 0.030000
0 0.761806 0.502652 0.125278 0.030305
0 0.871917 0.519059 0.112278 0.018680
0 0.878840 0.546383 0.122708 0.021562
0 0.875417 0.571410 0.117222 0.023445
0 0.728708 0.614719 0.136750 0.028828
0 0.957382 0.611602 0.084486 0.027578
0 0.671465 0.686480 0.117958 0.030930
0 0.756958 0.688523 0.086472 0.024531
0 0.487611 0.850648 0.160889 0.040250
0 0.468042 0.745078 0.120000 0.028437
0 0.473750 0.805879 0.138806 0.029430
0 0.454236 0.779687 0.148083 0.031406
0 0.493472 0.768535 0.109444 0.027227
0 0.167576 0.949621 0.165153 0.052180
0 0.825125 0.938352 0.109556 0.027328
0 0.920250 0.865629 0.109333 0.029695
0 0.933743 0.790609 0.108097 0.028344
0 0.309924 0.018172 0.172708 0.035703
0 0.957354 0.259281 0.085292 0.022734
