0 0.071875 0.378945 0.143472 0.052266
0 0.480521 0.387797 0.133403 0.039062
0 0.335194 0.630039 0.173500 0.038047
0 0.521604 0.587316 0.150125 0.034586
0 0.261111 0.242312 0.170833 0.061500
0 0.474382 0.214441 0.151542 0.040570
0 0.624153 0.224203 0.144694 0.036359
0 0.796847 0.049945 0.118639 0.030516
0 0.786389 0.104039 0.128889 0.037453
0 0.825521 0.360176 0.124375 0.024789
0 0.803889 0.380191 0.124444 0.019602
0 0.923118 0.326195 0.075792 0.016938
0 0.947597 0.308641 0.096833 0.017594
0 0.889715 0.267695 0.121653 0.018828
0 0.931910 0.165023 0.101542 0.020672
0 0.933194 0.148488 0.107556 0.021461
0 0.926090 0.112723 0.121708 0.028148
0 0.862194 0.084809 0.122528 0.029602
0 0.903722 0.420453 0.096889 0.022375
0 0.836660 0.472234 0.128042 0.029531
0 0.767417 0.501961 0.125417 0.029703
0 0.861389 0.522070 0.114722 0.019766
0 0.877431 0.546406 0.120972 0.021563
0 0.872292 0.569590 0.115417 0.026680
0 0.724167 0.615156 0.133056 0.027500
0 0.956389 0.612238 0.087222 0.024477
0 0.674667 0.687090 0.125167 0.031602
0 0.763014 0.689371 0.086472 0.026258
0 0.510111 0.849629 0.150222 0.035977
0 0.466132 0.745418 0.121875 0.029477
0 0.472153 0.805484 0.138583 0.028688
0 0.451986 0.779687 0.152583 0.031406
0 0.493458 0.769602 0.109861 0.027984
0 0.169382 0.952129 0.172431 0.053758
0 0.823486 0.938141 0.109556 0.027328
0 0.914576 0.874375 0.107958 0.029531
0 0.928236 0.795660 0.106111 0.026945
0 0.957125 0.259387 0.085694 0.021070
