0 0.127243 0.393215 0.196903 0.046586
0 0.524438 0.385313 0.125375 0.034219
0 0.404118 0.630539 0.164347 0.034953
0 0.569674 0.592559 0.143597 0.030133
0 0.261903 0.270949 0.158139 0.050133
0 0.434417 0.201973 0.152722 0.041961
0 0.578167 0.211332 0.155500 0.038289
0 0.775493 0.045789 0.122181 0.029406
0 0.760569 0.095141 0.130528 0.036687
0 0.852951 0.361105 0.123597 0.024680
0 0.830625 0.380594 0.122083 0.020687
0 0.928118 0.330586 0.075792 0.019922
0 0.952611 0.311441 0.094778 0.017523
0 0.894840 0.269227 0.120292 0.018828
0 0.930056 0.161738 0.099556 0.017992
0 0.933160 0.144340 0.103542 0.021477
0 0.917208 0.111340 0.119472 0.028273
0 0.854146 0.080363 0.104542 0.029617
0 0.888035 0.421082 0.099708 0.025805
0 0.817833 0.471738 0.130889 0.030898
0 0.745583 0.503500 0.130861 0.028406
0 0.880986 0.515453 0.111389 0.018687
0 0.885319 0.548414 0.121306 0.021563
0 0.881875 0.573746 0.119861 0.019320
0 0.756306 0.618812 0.133333 0.028469
0 0.966319 0.609414 0.067361 0.027891
0 0.655507 0.688125 0.126153 0.031609
0 0.746576 0.687750 0.090014 0.025609
0 0.469882 0.856777 0.155042 0.038945
0 0.470840 0.747812 0.119625 0.027656
0 0.477097 0.807047 0.138806 0.031094
0 0.456722 0.782020 0.148722 0.036070
0 0.493931 0.768570 0.109806 0.026922
0 0.158896 0.934883 0.156958 0.067266
0 0.830181 0.940297 0.109556 0.027328
0 0.937264 0.853906 0.108417 0.028125
0 0.948403 0.788445 0.102639 0.022703
0 0.341965 0.026473 0.175042 0.045195
0 0.968125 0.265430 0.063750 0.025547
