0 0.169514 0.397578 0.174667 0.047391
0 0.533354 0.386758 0.133569 0.035438
0 0.415583 0.631336 0.179028 0.036547
0 0.580056 0.591570 0.151667 0.030687
0 0.262944 0.289355 0.158583 0.058992
0 0.406917 0.198098 0.167444 0.041930
0 0.558007 0.206629 0.155181 0.038883
0 0.773090 0.043824 0.118681 0.029070
0 0.757493 0.094133 0.125486 0.040063
0 0.858986 0.362391 0.126389 0.023391
0 0.848215 0.380949 0.115514 0.021602
0 0.931243 0.333016 0.075792 0.019922
0 0.954236 0.312957 0.091528 0.018055
0 0.896229 0.269875 0.120292 0.018828
0 0.929764 0.161625 0.097306 0.018484
0 0.928861 0.142578 0.106583 0.020000
0 0.910583 0.111789 0.122000 0.028812
0 0.850896 0.080109 0.087347 0.029469
0 0.882340 0.419562 0.100514 0.023375
0 0.809778 0.471180 0.130889 0.030703
0 0.742653 0.501660 0.125361 0.030742
0 0.894174 0.513402 0.105542 0.018367
0 0.886174 0.547930 0.121319 0.021563
0 0.886292 0.575141 0.122083 0.017234
0 0.770257 0.621250 0.128292 0.029531
0 0.643542 0.686680 0.126528 0.035859
0 0.740375 0.687910 0.086306 0.026211
0 0.440660 0.859852 0.166458 0.036641
0 0.470840 0.747812 0.119625 0.027656
0 0.479333 0.807824 0.138806 0.032211
0 0.457083 0.783125 0.149444 0.038281
0 0.496660 0.769121 0.111958 0.025820
0 0.153431 0.930840 0.163389 0.060227
0 0.832160 0.941133 0.109569 0.027328
0 0.941056 0.842207 0.105083 0.034570
0 0.953028 0.783715 0.093694 0.022305
0 0.366076 0.040477 0.168125 0.055141
0 0.968194 0.268867 0.063611 0.025547
0 0.961694 0.515137 0.076611 0.020305
