0 0.172319 0.398203 0.177222 0.047391
0 0.535576 0.386965 0.133569 0.035445
0 0.420701 0.630625 0.179042 0.037969
0 0.581028 0.591750 0.151667 0.030688
0 0.264222 0.290547 0.158583 0.057031
0 0.402424 0.197137 0.168736 0.041930
0 0.556792 0.205266 0.153306 0.038656
0 0.771646 0.043285 0.118681 0.029070
0 0.756694 0.093684 0.125472 0.040602
0 0.860236 0.362738 0.126389 0.023383
0 0.848417 0.380949 0.115528 0.021602
0 0.931243 0.333188 0.075792 0.019922
0 0.954236 0.313160 0.091528 0.018055
0 0.896229 0.269875 0.120292 0.018828
0 0.929715 0.161609 0.096931 0.018563
0 0.928312 0.142488 0.106597 0.020180
0 0.909139 0.111520 0.122000 0.028805
0 0.850576 0.079570 0.087347 0.029469
0 0.880778 0.419520 0.100444 0.023258
0 0.809389 0.471180 0.130111 0.030703
0 0.741514 0.501660 0.125361 0.030742
0 0.894174 0.513051 0.106375 0.018367
0 0.886278 0.547969 0.121306 0.021563
0 0.886778 0.575168 0.122083 0.017242
0 0.774597 0.621555 0.126417 0.029531
0 0.642569 0.686680 0.124583 0.035859
0 0.738819 0.688027 0.088194 0.026211
0 0.436049 0.860023 0.167653 0.036984
0 0.470840 0.747812 0.119625 0.027656
0 0.479708 0.807953 0.138806 0.032391
0 0.457153 0.783387 0.149583 0.038805
0 0.497118 0.769215 0.112319 0.025633
0 0.153604 0.931094 0.163042 0.058281
0 0.832486 0.941602 0.109556 0.027328
0 0.941312 0.841551 0.104569 0.033727
0 0.954382 0.783547 0.090986 0.021969
0 0.366924 0.043215 0.172181 0.056117
0 0.968194 0.269492 0.063611 0.025547
0 0.961694 0.514961 0.076611 0.020547
