0 0.228097 0.404430 0.165194 0.046094
0 0.562083 0.383633 0.128889 0.032891
0 0.462472 0.628566 0.172944 0.036680
0 0.613743 0.590574 0.143847 0.029430
0 0.246819 0.319133 0.174639 0.047641
0 0.360674 0.186398 0.169097 0.043594
0 0.514986 0.193441 0.154694 0.040023
0 0.746729 0.036105 0.124014 0.035602
0 0.735750 0.083219 0.133444 0.038656
0 0.876410 0.364770 0.121597 0.021883
0 0.863181 0.382410 0.114194 0.022195
0 0.929007 0.334125 0.073097 0.019922
0 0.954236 0.314766 0.091528 0.018063
0 0.896229 0.269875 0.120292 0.018828
0 0.922139 0.158176 0.098972 0.024273
0 0.925118 0.138645 0.103014 0.017242
0 0.899861 0.107180 0.118472 0.028984
0 0.825014 0.077137 0.104972 0.030805
0 0.863868 0.417621 0.105236 0.025852
0 0.789028 0.471535 0.133139 0.031211
0 0.718556 0.504672 0.128778 0.030531
0 0.908111 0.505680 0.111111 0.017781
0 0.887278 0.548414 0.121306 0.021563
0 0.890847 0.574289 0.122083 0.017234
0 0.792944 0.619070 0.130500 0.028047
0 0.621597 0.683422 0.131528 0.033625
0 0.721340 0.687039 0.085125 0.025641
0 0.400424 0.862445 0.169958 0.044453
0 0.470840 0.747812 0.119625 0.027656
0 0.481944 0.808734 0.138806 0.033500
0 0.460306 0.782383 0.149861 0.042891
0 0.499854 0.769766 0.114458 0.024531
0 0.127319 0.922273 0.179139 0.052516
0 0.833153 0.942531 0.109556 0.027328
0 0.952083 0.826992 0.095472 0.027109
0 0.408951 0.053672 0.162375 0.042344
0 0.954236 0.272383 0.091250 0.027422
0 0.945486 0.514492 0.109028 0.020547
