0 0.060764 0.379051 0.120556 0.053961
0 0.459694 0.387734 0.144667 0.039531
0 0.301736 0.633242 0.191806 0.041797
0 0.500049 0.590512 0.166264 0.046758
0 0.261944 0.235703 0.168611 0.058594
0 0.481604 0.217070 0.157931 0.041484
0 0.628854 0.227590 0.152819 0.042477
0 0.804417 0.050422 0.124389 0.031984
0 0.797750 0.103898 0.128833 0.041984
0 0.816826 0.359180 0.128014 0.023828
0 0.800389 0.381652 0.120500 0.020570
0 0.921014 0.326043 0.075778 0.016945
0 0.946118 0.308641 0.096819 0.017594
0 0.888201 0.267664 0.124681 0.022172
0 0.931910 0.167039 0.101542 0.020016
0 0.933194 0.147520 0.107556 0.019523
0 0.931049 0.114863 0.125542 0.029883
0 0.877924 0.086184 0.104125 0.030852
0 0.909847 0.421141 0.095861 0.025937
0 0.842778 0.472578 0.124444 0.029531
0 0.776903 0.502008 0.125417 0.028719
0 0.857951 0.523484 0.117986 0.022031
0 0.874569 0.545512 0.126417 0.021477
0 0.867132 0.570609 0.118486 0.025938
0 0.708736 0.616203 0.136833 0.031234
0 0.945958 0.611738 0.090722 0.025102
0 0.682208 0.689262 0.129389 0.032352
0 0.768472 0.690656 0.089722 0.027328
0 0.513910 0.846676 0.159625 0.035977
0 0.464611 0.744875 0.123389 0.028687
0 0.471708 0.805984 0.137694 0.028688
0 0.450972 0.779609 0.148611 0.032969
0 0.489125 0.769414 0.110056 0.028672
0 0.173826 0.954176 0.179458 0.057445
0 0.822014 0.937727 0.109556 0.027328
0 0.903563 0.878609 0.109069 0.032344
0 0.920861 0.801301 0.106111 0.023555
0 0.957125 0.259883 0.085694 0.021016
