0 0.074618 0.378945 0.148958 0.052266
0 0.484500 0.388074 0.130444 0.039070
0 0.342757 0.629859 0.165597 0.038047
0 0.526542 0.588652 0.147194 0.033711
0 0.261111 0.243016 0.170833 0.060094
0 0.474007 0.213883 0.149819 0.040563
0 0.621674 0.223363 0.144681 0.036086
0 0.796000 0.049945 0.120333 0.030516
0 0.785417 0.103828 0.130833 0.034687
0 0.826132 0.360176 0.125597 0.024789
0 0.805562 0.379652 0.124458 0.019602
0 0.923562 0.326246 0.075792 0.016945
0 0.947833 0.308641 0.096833 0.017594
0 0.890549 0.267695 0.121653 0.018828
0 0.932771 0.164742 0.099819 0.020672
0 0.933903 0.148488 0.106139 0.021461
0 0.928125 0.112059 0.117639 0.026820
0 0.859931 0.084531 0.123750 0.030156
0 0.901667 0.420051 0.098611 0.021305
0 0.833667 0.472309 0.130667 0.030227
0 0.765021 0.502422 0.127819 0.030625
0 0.861778 0.521246 0.116444 0.019523
0 0.877083 0.546406 0.123056 0.021563
0 0.872042 0.569730 0.115417 0.026680
0 0.725125 0.614984 0.133056 0.027687
0 0.956535 0.612246 0.086681 0.025070
0 0.675514 0.686480 0.124917 0.030930
0 0.761819 0.689141 0.086472 0.024531
0 0.510132 0.850148 0.147208 0.037016
0 0.466514 0.745316 0.121500 0.029211
0 0.472264 0.805359 0.138806 0.028688
0 0.452493 0.779687 0.151569 0.031406
0 0.493910 0.769793 0.108569 0.026039
0 0.168458 0.951922 0.172444 0.053766
0 0.823861 0.938242 0.109556 0.027328
0 0.915965 0.873480 0.107958 0.027898
0 0.928736 0.794344 0.106111 0.028047
0 0.957125 0.259297 0.085694 0.021250
