0 0.101319 0.385914 0.186528 0.049531
0 0.498840 0.385430 0.135653 0.033984
0 0.364264 0.629563 0.179361 0.038047
0 0.542056 0.590500 0.153389 0.030344
0 0.260229 0.253883 0.163153 0.044609
0 0.446451 0.208242 0.159625 0.041484
0 0.593799 0.216668 0.151486 0.035414
0 0.791187 0.046516 0.118319 0.030500
0 0.779424 0.097410 0.124125 0.034680
0 0.839264 0.360523 0.128250 0.024797
0 0.823375 0.380336 0.121472 0.019937
0 0.925889 0.327652 0.075778 0.016945
0 0.951826 0.309945 0.096347 0.017594
0 0.893132 0.268320 0.120292 0.018828
0 0.930583 0.161910 0.100889 0.017742
0 0.934819 0.146992 0.101861 0.025234
0 0.919174 0.110711 0.120819 0.028094
0 0.858625 0.081262 0.104528 0.029617
0 0.896757 0.420430 0.096875 0.024297
0 0.827250 0.471801 0.129000 0.030180
0 0.759007 0.503977 0.123847 0.029078
0 0.877062 0.517547 0.111403 0.018687
0 0.880882 0.546625 0.121653 0.021563
0 0.877750 0.573320 0.118389 0.019141
0 0.740618 0.614906 0.134014 0.029656
0 0.959653 0.610781 0.080694 0.028281
0 0.664201 0.687023 0.128653 0.030938
0 0.756319 0.687797 0.086472 0.024531
0 0.475590 0.852113 0.163125 0.041242
0 0.468424 0.746641 0.119625 0.027656
0 0.474875 0.806266 0.138806 0.029984
0 0.455319 0.779687 0.145917 0.031406
0 0.493472 0.768512 0.109444 0.027180
0 0.165243 0.941184 0.160208 0.064086
0 0.826375 0.938441 0.109556 0.027336
0 0.923500 0.859500 0.111083 0.029844
0 0.941660 0.790133 0.107208 0.024016
0 0.315618 0.020781 0.181819 0.041563
0 0.960618 0.260836 0.077903 0.024891
