0 0.102431 0.386551 0.188750 0.048258
0 0.502174 0.385219 0.135653 0.033984
0 0.368264 0.629922 0.180972 0.038047
0 0.545896 0.590320 0.153403 0.030344
0 0.260229 0.254734 0.163153 0.042906
0 0.441493 0.206555 0.162569 0.041484
0 0.593458 0.215863 0.150250 0.035414
0 0.788611 0.045688 0.120278 0.029563
0 0.775264 0.097227 0.124139 0.034688
0 0.841965 0.360230 0.125792 0.024680
0 0.824208 0.380277 0.121472 0.019945
0 0.926153 0.328066 0.075778 0.017820
0 0.952014 0.310133 0.095972 0.017531
0 0.893458 0.268477 0.120278 0.018828
0 0.930306 0.161832 0.101444 0.017586
0 0.934687 0.145906 0.100486 0.024609
0 0.918535 0.110711 0.120819 0.028094
0 0.858465 0.081176 0.104542 0.029617
0 0.894674 0.420586 0.099625 0.024609
0 0.826958 0.471844 0.128333 0.030359
0 0.756229 0.503734 0.127736 0.028406
0 0.877264 0.517082 0.111389 0.018680
0 0.881569 0.546703 0.121306 0.021563
0 0.878201 0.573648 0.118597 0.019328
0 0.745229 0.614945 0.131569 0.029578
0 0.960069 0.610781 0.079861 0.028281
0 0.663243 0.687203 0.128653 0.030937
0 0.755681 0.687797 0.086472 0.024531
0 0.473299 0.852437 0.163125 0.041234
0 0.468910 0.746875 0.119625 0.027656
0 0.475236 0.806395 0.138806 0.030164
0 0.456528 0.781367 0.148333 0.034766
0 0.493472 0.768504 0.109444 0.027164
0 0.164625 0.939469 0.159528 0.066437
0 0.827042 0.938531 0.109556 0.027328
0 0.925653 0.858687 0.111083 0.029844
0 0.944153 0.789664 0.106639 0.024016
0 0.317639 0.021602 0.182500 0.043203
0 0.960618 0.261188 0.077903 0.025594
