0 0.165229 0.396340 0.170653 0.046586
0 0.530389 0.386965 0.130611 0.035445
0 0.411104 0.631336 0.175847 0.036547
0 0.576049 0.592113 0.148764 0.030680
0 0.262944 0.287910 0.158583 0.058992
0 0.413806 0.198844 0.165667 0.042938
0 0.561569 0.208523 0.156194 0.039672
0 0.772924 0.044711 0.120292 0.029406
0 0.759604 0.094766 0.126708 0.039531
0 0.856306 0.361926 0.126389 0.023383
0 0.843028 0.380488 0.116722 0.021602
0 0.930410 0.332148 0.075792 0.019922
0 0.953243 0.312422 0.093514 0.018063
0 0.895951 0.269742 0.120292 0.018828
0 0.929861 0.161668 0.098056 0.018320
0 0.929965 0.142754 0.106597 0.019648
0 0.916153 0.111969 0.119806 0.028812
0 0.852687 0.079824 0.087597 0.029617
0 0.886736 0.420090 0.097083 0.023414
0 0.811632 0.471523 0.130903 0.030703
0 0.744444 0.501766 0.126944 0.029297
0 0.891347 0.513934 0.108139 0.017086
0 0.885958 0.547852 0.121306 0.021562
0 0.885306 0.575094 0.122083 0.017234
0 0.764056 0.620750 0.132833 0.029531
0 0.649861 0.687070 0.120556 0.035078
0 0.742736 0.688215 0.085306 0.025602
0 0.447549 0.858242 0.166458 0.036641
0 0.470840 0.747812 0.119625 0.027656
0 0.478597 0.807566 0.138806 0.031836
0 0.456944 0.782605 0.149167 0.037242
0 0.495757 0.768938 0.111236 0.026187
0 0.154076 0.932461 0.163403 0.060234
0 0.831910 0.941000 0.109569 0.027328
0 0.939875 0.844156 0.105583 0.036594
0 0.950833 0.784453 0.097778 0.023594
0 0.363194 0.034687 0.164722 0.049375
0 0.968194 0.268320 0.063611 0.025547
0 0.961694 0.515477 0.076611 0.019828
