0 0.235625 0.408934 0.181806 0.043805
0 0.571132 0.380508 0.129958 0.032891
0 0.484035 0.629469 0.165014 0.034875
0 0.622396 0.592539 0.145097 0.028047
0 0.243375 0.325039 0.166028 0.038672
0 0.345243 0.180609 0.168264 0.043594
0 0.500674 0.188605 0.154486 0.040023
0 0.740354 0.029996 0.124597 0.030945
0 0.721826 0.079621 0.140153 0.038664
0 0.882694 0.365695 0.123472 0.021891
0 0.868646 0.382227 0.113542 0.024922
0 0.929007 0.334125 0.073097 0.019922
0 0.954236 0.314766 0.091528 0.018063
0 0.896229 0.269875 0.120292 0.018828
0 0.921306 0.155598 0.098972 0.023836
0 0.922097 0.137621 0.101389 0.018977
0 0.889736 0.105926 0.123361 0.028992
0 0.818333 0.075914 0.104444 0.029906
0 0.856688 0.417500 0.102819 0.027031
0 0.786958 0.470723 0.133139 0.031211
0 0.708215 0.504324 0.134597 0.030523
0 0.912264 0.503586 0.109833 0.017781
0 0.887278 0.548414 0.121306 0.021563
0 0.890847 0.574289 0.122083 0.017234
0 0.804125 0.620066 0.125000 0.026445
0 0.611111 0.683875 0.135278 0.032172
0 0.712493 0.686109 0.093319 0.025641
0 0.382375 0.864246 0.172806 0.046648
0 0.470840 0.747812 0.119625 0.027656
0 0.481944 0.808734 0.138806 0.033500
0 0.460306 0.782383 0.149861 0.042891
0 0.499854 0.769766 0.114458 0.024531
0 0.117868 0.918203 0.177542 0.052734
0 0.833153 0.942531 0.109556 0.027328
0 0.954236 0.820512 0.091528 0.026805
0 0.414229 0.058320 0.172931 0.039766
0 0.949722 0.277227 0.100278 0.031172
0 0.940111 0.516430 0.109028 0.017859
