0 0.150806 0.395090 0.178111 0.046586
0 0.528722 0.386352 0.127278 0.034219
0 0.408389 0.630539 0.170417 0.034953
0 0.574597 0.592113 0.145861 0.030680
0 0.262514 0.282848 0.158583 0.058992
0 0.422167 0.200184 0.162667 0.042242
0 0.568243 0.209793 0.152875 0.040055
0 0.773257 0.045609 0.122181 0.029406
0 0.759618 0.095141 0.129236 0.036687
0 0.854444 0.361516 0.126389 0.024437
0 0.838472 0.380875 0.122083 0.021750
0 0.929993 0.331711 0.075792 0.019922
0 0.952750 0.312152 0.094500 0.018055
0 0.895674 0.269617 0.120292 0.018828
0 0.929910 0.161684 0.098431 0.018242
0 0.930521 0.142844 0.106597 0.019469
0 0.916965 0.111609 0.117542 0.028813
0 0.854292 0.080184 0.090806 0.029617
0 0.887687 0.420207 0.098986 0.023648
0 0.813083 0.471414 0.130889 0.030703
0 0.744139 0.502461 0.130861 0.029297
0 0.886771 0.514988 0.111403 0.018680
0 0.885847 0.547813 0.121306 0.021563
0 0.882986 0.574789 0.122083 0.017234
0 0.758972 0.619742 0.134083 0.029531
0 0.651479 0.687500 0.120931 0.034219
0 0.744597 0.687402 0.085306 0.025602
0 0.456146 0.858242 0.166458 0.036641
0 0.470840 0.747812 0.119625 0.027656
0 0.478222 0.807434 0.138806 0.031648
0 0.456875 0.782344 0.149028 0.036719
0 0.495299 0.768844 0.110875 0.026375
0 0.155035 0.932652 0.163403 0.063805
0 0.831792 0.940930 0.109556 0.027328
0 0.940021 0.846762 0.106264 0.036492
0 0.949514 0.787383 0.100417 0.025391
0 0.358313 0.030664 0.163014 0.046484
0 0.967986 0.267305 0.063750 0.025547
0 0.961694 0.515648 0.076611 0.019578
