0 0.185396 0.400262 0.194486 0.048648
0 0.553743 0.386953 0.124736 0.036297
0 0.451444 0.628387 0.164278 0.036680
0 0.602882 0.590309 0.141875 0.030680
0 0.262069 0.301039 0.163861 0.041328
0 0.391715 0.193035 0.158431 0.041930
0 0.536389 0.200355 0.157778 0.038523
0 0.758410 0.040930 0.122431 0.032641
0 0.742458 0.089422 0.131556 0.037734
0 0.874035 0.364301 0.118042 0.021883
0 0.850278 0.381016 0.118056 0.022187
0 0.931243 0.334023 0.075792 0.019922
0 0.954236 0.314164 0.091528 0.018063
0 0.896229 0.269875 0.120292 0.018828
0 0.925181 0.160512 0.098972 0.020227
0 0.926861 0.141562 0.105278 0.020531
0 0.902903 0.109629 0.122000 0.028805
0 0.843667 0.078781 0.093472 0.031719
0 0.873535 0.417500 0.099569 0.022031
0 0.802438 0.471113 0.131542 0.031992
0 0.726896 0.503637 0.131042 0.030742
0 0.898819 0.508992 0.110694 0.020875
0 0.887222 0.548211 0.121306 0.021563
0 0.889986 0.575352 0.122083 0.017234
0 0.782063 0.620609 0.130875 0.027844
0 0.634444 0.684062 0.126667 0.036250
0 0.730042 0.688145 0.092111 0.026211
0 0.428424 0.862371 0.161069 0.041039
0 0.470840 0.747812 0.119625 0.027656
0 0.481569 0.808602 0.138806 0.033312
0 0.457292 0.783578 0.149861 0.040500
0 0.499396 0.769672 0.114097 0.024719
0 0.146514 0.928602 0.166361 0.052828
0 0.833153 0.942531 0.109556 0.027328
0 0.951160 0.837379 0.097681 0.026477
0 0.381257 0.050168 0.173319 0.048727
0 0.964306 0.270457 0.071389 0.025914
0 0.956875 0.514492 0.086250 0.020547
