0 0.180951 0.400664 0.194486 0.049922
0 0.550597 0.386746 0.126583 0.036305
0 0.447444 0.628926 0.164611 0.036680
0 0.598243 0.590672 0.145375 0.030688
0 0.264028 0.298867 0.162500 0.041328
0 0.392785 0.193035 0.162292 0.041930
0 0.542097 0.201027 0.154472 0.038523
0 0.759687 0.041648 0.122431 0.032641
0 0.743417 0.089961 0.131556 0.037734
0 0.871965 0.363855 0.119681 0.022320
0 0.850056 0.381016 0.117611 0.022187
0 0.931243 0.333859 0.075792 0.019922
0 0.954236 0.313961 0.091528 0.018063
0 0.896229 0.269875 0.120292 0.018828
0 0.927535 0.160355 0.097014 0.019602
0 0.926979 0.141812 0.105708 0.020531
0 0.904181 0.110531 0.122000 0.028812
0 0.844306 0.079141 0.093472 0.031719
0 0.874354 0.418102 0.101486 0.022031
0 0.805361 0.470707 0.129833 0.031414
0 0.729167 0.503637 0.131056 0.030742
0 0.897125 0.509387 0.109361 0.021945
0 0.887014 0.548164 0.121306 0.021563
0 0.889306 0.575313 0.122083 0.017234
0 0.781993 0.620609 0.130736 0.027844
0 0.634931 0.684609 0.127639 0.035469
0 0.732313 0.688379 0.092097 0.026211
0 0.428299 0.862461 0.163681 0.039922
0 0.470840 0.747812 0.119625 0.027656
0 0.481194 0.808473 0.138806 0.033133
0 0.457292 0.783688 0.149861 0.040281
0 0.498944 0.769582 0.113750 0.024898
0 0.149424 0.929246 0.162458 0.053336
0 0.833153 0.942531 0.109556 0.027328
0 0.950937 0.837793 0.097708 0.026992
0 0.376389 0.048883 0.176194 0.050672
0 0.966250 0.270363 0.067500 0.025727
0 0.961694 0.514727 0.076611 0.020078
