0 0.141153 0.394051 0.187694 0.046586
0 0.527771 0.385937 0.125375 0.034219
0 0.407431 0.630539 0.170417 0.034953
0 0.573667 0.592473 0.145167 0.030680
0 0.261667 0.279973 0.158611 0.057086
0 0.428812 0.200664 0.156236 0.042234
0 0.571917 0.210598 0.153667 0.040055
0 0.774215 0.045609 0.122181 0.029406
0 0.760396 0.095141 0.130236 0.036687
0 0.853979 0.361453 0.125458 0.024562
0 0.833931 0.381055 0.122083 0.020688
0 0.929368 0.331336 0.075792 0.019922
0 0.952701 0.311918 0.094597 0.017883
0 0.895396 0.269484 0.120292 0.018828
0 0.929958 0.161703 0.098806 0.018156
0 0.931076 0.142934 0.106597 0.019289
0 0.917049 0.111520 0.118181 0.028633
0 0.853486 0.079824 0.097528 0.029617
0 0.887687 0.420754 0.098986 0.024742
0 0.814944 0.471875 0.130889 0.030703
0 0.744139 0.502453 0.130861 0.028406
0 0.882222 0.514988 0.111389 0.018680
0 0.885674 0.548008 0.121319 0.021563
0 0.882778 0.574789 0.121667 0.017234
0 0.758431 0.619844 0.134083 0.029531
0 0.966319 0.609414 0.067361 0.027891
0 0.653090 0.687930 0.121319 0.033359
0 0.743479 0.687750 0.090014 0.025609
0 0.456979 0.858391 0.164792 0.038953
0 0.470840 0.747812 0.119625 0.027656
0 0.477847 0.807305 0.138806 0.031469
0 0.456826 0.782238 0.148931 0.036508
0 0.494840 0.768754 0.110514 0.026555
0 0.156799 0.934090 0.158597 0.063805
0 0.831667 0.940859 0.109556 0.027328
0 0.940736 0.848441 0.106250 0.035008
0 0.949514 0.788242 0.100417 0.023672
0 0.354299 0.029043 0.164153 0.045820
0 0.967986 0.266445 0.063750 0.025547
