0 0.174146 0.398203 0.180875 0.047391
0 0.537424 0.386965 0.133569 0.035445
0 0.424868 0.630266 0.179042 0.037969
0 0.584542 0.591750 0.151667 0.030688
0 0.264653 0.291984 0.158583 0.055094
0 0.399396 0.196168 0.169625 0.041930
0 0.556181 0.204727 0.150694 0.038656
0 0.770208 0.042742 0.118667 0.029078
0 0.752542 0.093324 0.126750 0.040602
0 0.861889 0.362973 0.126389 0.023383
0 0.849660 0.380719 0.115514 0.021594
0 0.931243 0.333352 0.075792 0.019922
0 0.954236 0.313359 0.091528 0.018063
0 0.896229 0.269875 0.120292 0.018828
0 0.929667 0.161590 0.096556 0.018648
0 0.927757 0.142398 0.106597 0.020359
0 0.907701 0.111250 0.121986 0.028813
0 0.849937 0.079766 0.087347 0.030156
0 0.879167 0.419414 0.100444 0.023047
0 0.808917 0.471063 0.129000 0.030703
0 0.738597 0.502012 0.127472 0.030742
0 0.894104 0.511746 0.106236 0.019695
0 0.886389 0.548008 0.121306 0.021563
0 0.887278 0.575191 0.122083 0.017242
0 0.779000 0.621207 0.124389 0.028836
0 0.641944 0.686289 0.125833 0.035859
0 0.737375 0.688027 0.088194 0.026211
0 0.433757 0.860672 0.167653 0.036984
0 0.470840 0.747812 0.119625 0.027656
0 0.480083 0.808086 0.138806 0.032578
0 0.457222 0.783645 0.149722 0.039320
0 0.497569 0.769305 0.112667 0.025453
0 0.152021 0.930566 0.162375 0.057539
0 0.832819 0.942062 0.109556 0.027328
0 0.943215 0.840227 0.105514 0.031547
0 0.956111 0.782984 0.087361 0.021969
0 0.368069 0.044504 0.174472 0.056117
0 0.968194 0.269750 0.063611 0.025547
0 0.961694 0.514902 0.076611 0.020430
