0 0.094097 0.382578 0.175139 0.050781
0 0.493799 0.386559 0.132958 0.035477
0 0.354340 0.628660 0.179375 0.038039
0 0.537743 0.590141 0.149264 0.030344
0 0.260208 0.249648 0.165694 0.052109
0 0.454590 0.210301 0.159625 0.041742
0 0.600465 0.219828 0.150597 0.035547
0 0.794597 0.047801 0.118556 0.032352
0 0.779917 0.099211 0.126972 0.034687
0 0.832847 0.360523 0.128278 0.024797
0 0.820813 0.379754 0.118347 0.019945
0 0.925292 0.326918 0.075778 0.016945
0 0.951736 0.309648 0.096528 0.017594
0 0.892465 0.268008 0.120292 0.018828
0 0.931417 0.161832 0.099222 0.017586
0 0.934271 0.147617 0.101875 0.024609
0 0.922375 0.110711 0.120806 0.028094
0 0.851576 0.082527 0.123764 0.029617
0 0.898750 0.419473 0.098611 0.021305
0 0.828368 0.471641 0.129653 0.030000
0 0.761667 0.502809 0.124722 0.029992
0 0.874576 0.518941 0.111403 0.018680
0 0.879521 0.546469 0.122347 0.021563
0 0.876194 0.571719 0.117611 0.022656
0 0.730854 0.614812 0.136736 0.028828
0 0.957382 0.611719 0.084486 0.027344
0 0.668549 0.686660 0.125708 0.030930
0 0.756639 0.688344 0.086472 0.024531
0 0.484743 0.850973 0.160903 0.040242
0 0.468424 0.745684 0.119625 0.029570
0 0.474125 0.806008 0.138806 0.029609
0 0.454597 0.779687 0.147361 0.031406
0 0.493472 0.768527 0.109444 0.027211
0 0.166958 0.947652 0.164472 0.054680
0 0.825417 0.938352 0.109556 0.027328
0 0.921118 0.863543 0.109153 0.030367
0 0.934847 0.790441 0.108083 0.027133
0 0.311924 0.018012 0.176708 0.036023
0 0.958125 0.259820 0.083333 0.023344
