0 0.203493 0.400480 0.185514 0.047367
0 0.559882 0.385508 0.124403 0.035859
0 0.456861 0.628387 0.168167 0.036680
0 0.609924 0.590668 0.141875 0.030680
0 0.254743 0.307305 0.174208 0.041328
0 0.382910 0.190145 0.157208 0.041930
0 0.525028 0.198473 0.157056 0.038523
0 0.750562 0.039691 0.127236 0.035930
0 0.738472 0.086539 0.133750 0.037734
0 0.875181 0.364301 0.119917 0.021883
0 0.854389 0.381945 0.118500 0.022187
0 0.930500 0.334055 0.074889 0.019922
0 0.954236 0.314363 0.091528 0.018055
0 0.896229 0.269875 0.120292 0.018828
0 0.923521 0.159734 0.098958 0.022094
0 0.926646 0.141066 0.104403 0.020539
0 0.902764 0.108367 0.119694 0.028813
0 0.834528 0.077977 0.106000 0.030797
0 0.871549 0.416715 0.100319 0.022805
0 0.795528 0.471230 0.133778 0.031992
0 0.722354 0.503984 0.131042 0.030734
0 0.900132 0.507711 0.110014 0.020875
0 0.887639 0.548312 0.121306 0.021563
0 0.890750 0.574844 0.122083 0.017234
0 0.783785 0.619469 0.133236 0.028047
0 0.632639 0.683516 0.123056 0.035156
0 0.726083 0.687566 0.091333 0.026211
0 0.419931 0.862750 0.158472 0.043156
0 0.470840 0.747812 0.119625 0.027656
0 0.481944 0.808734 0.138806 0.033500
0 0.457292 0.783359 0.149861 0.040938
0 0.499854 0.769766 0.114458 0.024531
0 0.136424 0.926172 0.177569 0.051562
0 0.833153 0.942531 0.109556 0.027328
0 0.951132 0.834152 0.097264 0.026477
0 0.397285 0.051613 0.162931 0.046461
0 0.962361 0.270469 0.075278 0.027344
0 0.952674 0.514492 0.094653 0.020547
