0 0.083264 0.379375 0.166250 0.051406
0 0.491069 0.387926 0.127500 0.038211
0 0.349479 0.629859 0.173958 0.038047
0 0.534257 0.588961 0.146764 0.031984
0 0.260000 0.247227 0.167778 0.056953
0 0.469354 0.212121 0.148097 0.040570
0 0.610021 0.221445 0.150597 0.035547
0 0.794979 0.048051 0.120347 0.032492
0 0.781514 0.101367 0.130833 0.034687
0 0.828597 0.360176 0.126806 0.024789
0 0.812917 0.379117 0.124444 0.019594
0 0.924458 0.326348 0.075778 0.016945
0 0.948313 0.308641 0.096819 0.017594
0 0.892076 0.267695 0.120847 0.018828
0 0.934188 0.162926 0.098097 0.019461
0 0.933160 0.147551 0.104097 0.022883
0 0.927167 0.110984 0.117639 0.027562
0 0.855097 0.083785 0.123750 0.029617
0 0.898931 0.419270 0.098611 0.021305
0 0.830528 0.472309 0.130667 0.030227
0 0.762465 0.502492 0.127819 0.030625
0 0.868014 0.519406 0.116444 0.018687
0 0.879222 0.546203 0.123056 0.021563
0 0.873944 0.569871 0.115417 0.026680
0 0.727250 0.614414 0.135611 0.028828
0 0.956826 0.612266 0.085597 0.026250
0 0.674250 0.686301 0.120722 0.030930
0 0.759042 0.689242 0.086472 0.024531
0 0.494194 0.850816 0.160333 0.039930
0 0.467278 0.745395 0.120750 0.029211
0 0.473007 0.805621 0.138819 0.029055
0 0.453514 0.779687 0.149528 0.031406
0 0.493472 0.768547 0.109444 0.027250
0 0.166493 0.950633 0.172431 0.053766
0 0.824528 0.938352 0.109556 0.027328
0 0.917861 0.868680 0.109333 0.027359
0 0.930160 0.792027 0.108097 0.028742
0 0.957125 0.258555 0.085694 0.022734
