0 0.192403 0.400156 0.190750 0.048438
0 0.556361 0.386953 0.122556 0.036297
0 0.453368 0.628566 0.164292 0.036680
0 0.605437 0.590309 0.141875 0.030680
0 0.260125 0.302961 0.167750 0.041328
0 0.390007 0.192074 0.155847 0.041930
0 0.533396 0.200090 0.157069 0.038523
0 0.755208 0.041031 0.122444 0.034656
0 0.740069 0.088164 0.133750 0.037734
0 0.874243 0.364301 0.118042 0.021883
0 0.851722 0.381016 0.118056 0.022187
0 0.930875 0.334039 0.075333 0.019922
0 0.954236 0.314262 0.091528 0.018055
0 0.896229 0.269875 0.120292 0.018828
0 0.924347 0.160121 0.098972 0.021164
0 0.926750 0.141316 0.104833 0.020539
0 0.902840 0.109000 0.120847 0.028813
0 0.839097 0.078379 0.099750 0.031258
0 0.872799 0.417297 0.100319 0.022031
0 0.799667 0.470996 0.133778 0.031992
0 0.724826 0.503520 0.131042 0.030742
0 0.899472 0.508352 0.110361 0.020875
0 0.887431 0.548266 0.121306 0.021563
0 0.890667 0.575395 0.122083 0.017242
0 0.782688 0.620258 0.132125 0.027141
0 0.633264 0.683516 0.124306 0.035156
0 0.728590 0.687801 0.092097 0.026211
0 0.428549 0.862285 0.158458 0.042148
0 0.470840 0.747812 0.119625 0.027656
0 0.481944 0.808734 0.138806 0.033500
0 0.457292 0.783469 0.149861 0.040719
0 0.499854 0.769766 0.114458 0.024531
0 0.142215 0.927969 0.171097 0.051562
0 0.833153 0.942531 0.109556 0.027328
0 0.950924 0.837379 0.097681 0.026477
0 0.384701 0.051125 0.173319 0.048063
0 0.962361 0.270547 0.075278 0.026094
0 0.954778 0.514492 0.090444 0.020547
